testTag | iR | oR | nParticles | objEnvDataTag | initMean | initStd | modelStd | obsStd

> 1 | 0.7 | 1.3 | 1024 | 1 |0 300 1000 1884.956 -0 -0 | 5 5 5 5 5 5 | 10 10 10 10 10 0.1 | 10 10 10
> 2 | 0.7 | 1.3 | 1024 | 1 |0 300 1000 1884.956 -0 -0 | 5 5 5 5 5 5 | 10 10 10 100 100 0.1 | 10 10 10
> 3 | 0.7 | 1.3 | 1024 | 1 |0 300 1000 1884.956 -0 -0 | 5 5 5 5 5 5 | 0.1 0.1 0.1 100 100 0.1 | 10 10 10

> 4 | 0.8 | 1.2 | 1024 | 1 |0 300 1000 1884.956 -0 -0 | 5 5 5 5 5 5 | 10 10 10 10 10 0.1 | 10 10 10
> 5 | 0.8 | 1.2 | 1024 | 1 |0 300 1000 1884.956 -0 -0 | 5 5 5 5 5 5 | 10 10 10 100 100 0.1 | 10 10 10
> 6 | 0.8 | 1.2 | 1024 | 1 |0 300 1000 1884.956 -0 -0 | 5 5 5 5 5 5 | 0.1 0.1 0.1 100 100 0.1 | 10 10 10

> 7 | 0.9 | 1.1 | 1024 | 1 |0 300 1000 1884.956 -0 -0 | 5 5 5 5 5 5 | 10 10 10 10 10 0.1 | 10 10 10
> 8 | 0.9 | 1.1 | 1024 | 1 |0 300 1000 1884.956 -0 -0 | 5 5 5 5 5 5 | 10 10 10 100 100 0.1 | 10 10 10
> 9 | 0.9 | 1.1 | 1024 | 1 |0 300 1000 1884.956 -0 -0 | 5 5 5 5 5 5 | 0.1 0.1 0.1 100 100 0.1 | 10 10 10

> 10 | 0.8 | 1.2 | 128 | 1 |0 300 1000 1884.956 -0 -0 | 5 5 5 5 5 5 | 0.1 0.1 0.1 100 100 0.1 | 10 10 10
> 11 | 0.8 | 1.2 | 256 | 1 |0 300 1000 1884.956 -0 -0 | 5 5 5 5 5 5 | 0.1 0.1 0.1 100 100 0.1 | 10 10 10
> 12 | 0.8 | 1.2 | 4096 | 1 |0 300 1000 1884.956 -0 -0 | 5 5 5 5 5 5 | 0.1 0.1 0.1 100 100 0.1 | 10 10 10

************************************************************************************************************

> 13 | 0.7 | 1.3 | 1024 | 2 |0 0 1200 1884.956 1256.637 0 | 5 5 5 5 5 5 | 10 10 10 10 10 10 | 10 10 10
> 14 | 0.7 | 1.3 | 1024 | 2 |0 0 1200 1884.956 1256.637 0 | 5 5 5 5 5 5 | 10 10 10 100 100 100 | 10 10 10
> 15 | 0.7 | 1.3 | 1024 | 2 |0 0 1200 1884.956 1256.637 0 | 5 5 5 5 5 5 | 0.1 0.1 0.1 100 100 100 | 10 10 10

> 16 | 0.8 | 1.2 | 1024 | 2 |0 0 1200 1884.956 1256.637 0 | 5 5 5 5 5 5 | 10 10 10 10 10 10 | 10 10 10
> 17 | 0.8 | 1.2 | 1024 | 2 |0 0 1200 1884.956 1256.637 0 | 5 5 5 5 5 5 | 10 10 10 100 100 100 | 10 10 10
> 18 | 0.8 | 1.2 | 1024 | 2 |0 0 1200 1884.956 1256.637 0 | 5 5 5 5 5 5 | 0.1 0.1 0.1 100 100 100 | 10 10 10

> 19 | 0.9 | 1.1 | 1024 | 2 |0 0 1200 1884.956 1256.637 0 | 5 5 5 5 5 5 | 10 10 10 10 10 10 | 10 10 10
> 20 | 0.9 | 1.1 | 1024 | 2 |0 0 1200 1884.956 1256.637 0 | 5 5 5 5 5 5 | 10 10 10 100 100 100 | 10 10 10
> 21 | 0.9 | 1.1 | 1024 | 2 |0 0 1200 1884.956 1256.637 0 | 5 5 5 5 5 5 | 0.1 0.1 0.1 100 100 100 | 10 10 10

> 22 | 0.8 | 1.2 | 128 | 2 |0 0 1200 1884.956 1256.637 0 | 5 5 5 5 5 5 | 0.1 0.1 0.1 100 100 100 | 10 10 10
> 23 | 0.8 | 1.2 | 256 | 2 |0 0 1200 1884.956 1256.637 0 | 5 5 5 5 5 5 | 0.1 0.1 0.1 100 100 100 | 10 10 10
> 24 | 0.8 | 1.2 | 4096 | 2 |0 0 1200 1884.956 1256.637 0 | 5 5 5 5 5 5 | 0.1 0.1 0.1 100 100 100 | 10 10 10

************************************************************************************************************

> 25 | 0.7 | 1.3 | 1024 | 3 |300 -180 1200 -1000 0 -1000 | 5 5 5 5 5 5 | 10 10 10 10 10 10 | 10 10 10
> 26 | 0.7 | 1.3 | 1024 | 3 |300 -180 1200 -1000 0 -1000 | 5 5 5 5 5 5 | 10 10 10 100 100 100 | 10 10 10
> 27 | 0.7 | 1.3 | 1024 | 3 |300 -180 1200 -1000 0 -1000 | 5 5 5 5 5 5 | 0.1 0.1 0.1 100 100 100 | 10 10 10

> 28 | 0.8 | 1.2 | 1024 | 3 |300 -180 1200 -1000 0 -1000 | 5 5 5 5 5 5 | 10 10 10 10 10 10 | 10 10 10
> 29 | 0.8 | 1.2 | 1024 | 3 |300 -180 1200 -1000 0 -1000 | 5 5 5 5 5 5 | 10 10 10 100 100 100 | 10 10 10
> 30 | 0.8 | 1.2 | 1024 | 3 |300 -180 1200 -1000 0 -1000 | 5 5 5 5 5 5 | 0.1 0.1 0.1 100 100 100 | 10 10 10

> 31 | 0.9 | 1.1 | 1024 | 3 |300 -180 1200 -1000 0 -1000 | 5 5 5 5 5 5 | 10 10 10 10 10 10 | 10 10 10
> 32 | 0.9 | 1.1 | 1024 | 3 |300 -180 1200 -1000 0 -1000 | 5 5 5 5 5 5 | 10 10 10 100 100 100 | 10 10 10
> 33 | 0.9 | 1.1 | 1024 | 3 |300 -180 1200 -1000 0 -1000 | 5 5 5 5 5 5 | 0.1 0.1 0.1 100 100 100 | 10 10 10

> 34 | 0.8 | 1.2 | 128 | 3 |300 -180 1200 -1000 0 -1000 | 5 5 5 5 5 5 | 0.1 0.1 0.1 100 100 100 | 10 10 10
> 35 | 0.8 | 1.2 | 256 | 3 |300 -180 1200 -1000 0 -1000 | 5 5 5 5 5 5 | 0.1 0.1 0.1 100 100 100 | 10 10 10
> 36 | 0.8 | 1.2 | 4096 | 3 |300 -180 1200 -1000 0 -1000 | 5 5 5 5 5 5 | 0.1 0.1 0.1 100 100 100 | 10 10 10

************************************************************************************************************

> 37 | 0.7 | 1.3 | 1024 | 5 |300 -180 1200 -1000 0 -1000 | 5 5 5 5 5 5 | 10 10 10 10 10 10 | 10 10 10
> 38 | 0.7 | 1.3 | 1024 | 5 |300 -180 1200 -1000 0 -1000 | 5 5 5 5 5 5 | 10 10 10 100 100 100 | 10 10 10
> 39 | 0.7 | 1.3 | 1024 | 5 |300 -180 1200 -1000 0 -1000 | 5 5 5 5 5 5 | 0.1 0.1 0.1 100 100 100 | 10 10 10

> 40 | 0.8 | 1.2 | 1024 | 5 |300 -180 1200 -1000 0 -1000 | 5 5 5 5 5 5 | 10 10 10 10 10 10 | 10 10 10
> 41 | 0.8 | 1.2 | 1024 | 5 |300 -180 1200 -1000 0 -1000 | 5 5 5 5 5 5 | 10 10 10 100 100 100 | 10 10 10
> 42 | 0.8 | 1.2 | 1024 | 5 |300 -180 1200 -1000 0 -1000 | 5 5 5 5 5 5 | 0.1 0.1 0.1 100 100 100 | 10 10 10

> 43 | 0.9 | 1.1 | 1024 | 5 |300 -180 1200 -1000 0 -1000 | 5 5 5 5 5 5 | 10 10 10 10 10 10 | 10 10 10
> 44 | 0.9 | 1.1 | 1024 | 5 |300 -180 1200 -1000 0 -1000 | 5 5 5 5 5 5 | 10 10 10 100 100 100 | 10 10 10
> 45 | 0.9 | 1.1 | 1024 | 5 |300 -180 1200 -1000 0 -1000 | 5 5 5 5 5 5 | 0.1 0.1 0.1 100 100 100 | 10 10 10

> 46 | 0.8 | 1.2 | 128 | 5 |300 -180 1200 -1000 0 -1000 | 5 5 5 5 5 5 | 0.1 0.1 0.1 100 100 100 | 10 10 10
> 47 | 0.8 | 1.2 | 256 | 5 |300 -180 1200 -1000 0 -1000 | 5 5 5 5 5 5 | 0.1 0.1 0.1 100 100 100 | 10 10 10
> 48 | 0.8 | 1.2 | 4096 | 5 |300 -180 1200 -1000 0 -1000 | 5 5 5 5 5 5 | 0.1 0.1 0.1 100 100 100 | 10 10 10

************************************************************************************************************

> 49 | 0.7 | 1.3 | 1024 | 6 |-320 -15 1600 0 0 0 | 5 5 5 5 5 5 | 10 10 10 10 10 0.1 | 50 50 50
> 50 | 0.7 | 1.3 | 1024 | 6 |-320 -15 1600 0 0 0 | 5 5 5 5 5 5 | 10 10 10 100 100 0.1 | 50 50 50
> 51 | 0.7 | 1.3 | 1024 | 6 |-320 -15 1600 0 0 0 | 5 5 5 5 5 5 | 0.1 0.1 0.1 100 100 0.1 | 50 50 50

> 52 | 0.8 | 1.2 | 1024 | 6 |-320 -15 1600 0 0 0 | 5 5 5 5 5 5 | 10 10 10 10 10 0.1 | 50 50 50
> 53 | 0.8 | 1.2 | 1024 | 6 |-320 -15 1600 0 0 0 | 5 5 5 5 5 5 | 10 10 10 100 100 0.1 | 50 50 50
> 54 | 0.8 | 1.2 | 1024 | 6 |-320 -15 1600 0 0 0 | 5 5 5 5 5 5 | 0.1 0.1 0.1 100 100 0.1 | 50 50 50

> 55 | 0.9 | 1.1 | 1024 | 6 |-320 -15 1600 0 0 0 | 5 5 5 5 5 5 | 10 10 10 10 10 0.1 | 50 50 50
> 56 | 0.9 | 1.1 | 1024 | 6 |-320 -15 1600 0 0 0 | 5 5 5 5 5 5 | 10 10 10 100 100 0.1 | 50 50 50
> 57 | 0.9 | 1.1 | 1024 | 6 |-320 -15 1600 0 0 0 | 5 5 5 5 5 5 | 0.1 0.1 0.1 100 100 0.1 | 50 50 50

> 58 | 0.8 | 1.2 | 128 | 6 |-320 -15 1600 0 0 0 | 5 5 5 5 5 5 | 0.1 0.1 0.1 100 100 0.1 | 50 50 50
> 59 | 0.8 | 1.2 | 256 | 6 |-320 -15 1600 0 0 0 | 5 5 5 5 5 5 | 0.1 0.1 0.1 100 100 0.1 | 50 50 50
> 60 | 0.8 | 1.2 | 4096 | 6 |-320 -15 1600 0 0 0 | 5 5 5 5 5 5 | 0.1 0.1 0.1 100 100 0.1 | 50 50 50

************************************************************************************************************

> 61 | 0.7 | 1.3 | 1024 | 7 |-82 -144 1300 0 3250 0 | 5 5 5 5 5 5 | 10 10 10 10 10 0.1 | 50 50 50
> 62 | 0.7 | 1.3 | 1024 | 7 |-82 -144 1300 0 3250 0 | 5 5 5 5 5 5 | 10 10 10 100 100 0.1 | 50 50 50
> 63 | 0.7 | 1.3 | 1024 | 7 |-82 -144 1300 0 3250 0 | 5 5 5 5 5 5 | 0.1 0.1 0.1 100 100 0.1 | 50 50 50

> 64 | 0.8 | 1.2 | 1024 | 7 |-82 -144 1300 0 3250 0 | 5 5 5 5 5 5 | 10 10 10 10 10 0.1 | 50 50 50
> 65 | 0.8 | 1.2 | 1024 | 7 |-82 -144 1300 0 3250 0 | 5 5 5 5 5 5 | 10 10 10 100 100 0.1 | 50 50 50
> 66 | 0.8 | 1.2 | 1024 | 7 |-82 -144 1300 0 3250 0 | 5 5 5 5 5 5 | 0.1 0.1 0.1 100 100 0.1 | 50 50 50

> 67 | 0.9 | 1.1 | 1024 | 7 |-82 -144 1300 0 3250 0 | 5 5 5 5 5 5 | 10 10 10 10 10 0.1 | 50 50 50
> 68 | 0.9 | 1.1 | 1024 | 7 |-82 -144 1300 0 3250 0 | 5 5 5 5 5 5 | 10 10 10 100 100 0.1 | 50 50 50
> 69 | 0.9 | 1.1 | 1024 | 7 |-82 -144 1300 0 3250 0 | 5 5 5 5 5 5 | 0.1 0.1 0.1 100 100 0.1 | 50 50 50

> 70 | 0.8 | 1.2 | 128 | 7 |-82 -144 1300 0 3250 0 | 5 5 5 5 5 5 | 0.1 0.1 0.1 100 100 0.1 | 50 50 50
> 71 | 0.8 | 1.2 | 256 | 7 |-82 -144 1300 0 3250 0 | 5 5 5 5 5 5 | 0.1 0.1 0.1 100 100 0.1 | 50 50 50
> 72 | 0.8 | 1.2 | 4096 | 7 |-82 -144 1300 0 3250 0 | 5 5 5 5 5 5 | 0.1 0.1 0.1 100 100 0.1 | 50 50 50

************************************************************************************************************

> 73 | 0.7 | 1.3 | 1024 | 9 |-82 -144 1300 0 3250 0 | 5 5 5 5 5 5 | 10 10 10 10 10 0.1 | 50 50 50
> 74 | 0.7 | 1.3 | 1024 | 9 |-82 -144 1300 0 3250 0 | 5 5 5 5 5 5 | 10 10 10 100 100 0.1 | 50 50 50
> 75 | 0.7 | 1.3 | 1024 | 9 |-82 -144 1300 0 3250 0 | 5 5 5 5 5 5 | 0.1 0.1 0.1 100 100 0.1 | 50 50 50

> 76 | 0.8 | 1.2 | 1024 | 9 |-82 -144 1300 0 3250 0 | 5 5 5 5 5 5 | 10 10 10 10 10 0.1 | 50 50 50
> 77 | 0.8 | 1.2 | 1024 | 9 |-82 -144 1300 0 3250 0 | 5 5 5 5 5 5 | 10 10 10 100 100 0.1 | 50 50 50
> 78 | 0.8 | 1.2 | 1024 | 9 |-82 -144 1300 0 3250 0 | 5 5 5 5 5 5 | 0.1 0.1 0.1 100 100 0.1 | 50 50 50

> 79 | 0.9 | 1.1 | 1024 | 9 |-82 -144 1300 0 3250 0 | 5 5 5 5 5 5 | 10 10 10 10 10 0.1 | 50 50 50
> 80 | 0.9 | 1.1 | 1024 | 9 |-82 -144 1300 0 3250 0 | 5 5 5 5 5 5 | 10 10 10 100 100 0.1 | 50 50 50
> 81 | 0.9 | 1.1 | 1024 | 9 |-82 -144 1300 0 3250 0 | 5 5 5 5 5 5 | 0.1 0.1 0.1 100 100 0.1 | 50 50 50

> 82 | 0.8 | 1.2 | 128 | 9 |-82 -144 1300 0 3250 0 | 5 5 5 5 5 5 | 0.1 0.1 0.1 100 100 0.1 | 50 50 50
> 83 | 0.8 | 1.2 | 256 | 9 |-82 -144 1300 0 3250 0 | 5 5 5 5 5 5 | 0.1 0.1 0.1 100 100 0.1 | 50 50 50
> 84 | 0.8 | 1.2 | 4096 | 9 |-82 -144 1300 0 3250 0 | 5 5 5 5 5 5 | 0.1 0.1 0.1 100 100 0.1 | 50 50 50

************************************************************************************************************

> 85 | 0.7 | 1.3 | 1024 | 10 |-308 -267 1700 50 0 0 | 5 5 5 5 5 5 | 10 10 10 10 10 0.1 | 50 50 50
> 86 | 0.7 | 1.3 | 1024 | 10 |-308 -267 1700 50 0 0 | 5 5 5 5 5 5 | 10 10 10 100 100 0.1 | 50 50 50
> 87 | 0.7 | 1.3 | 1024 | 10 |-308 -267 1700 50 0 0 | 5 5 5 5 5 5 | 0.1 0.1 0.1 100 100 0.1 | 50 50 50

> 88 | 0.8 | 1.2 | 1024 | 10 |-308 -267 1700 50 0 0 | 5 5 5 5 5 5 | 10 10 10 10 10 0.1 | 50 50 50
> 89 | 0.8 | 1.2 | 1024 | 10 |-308 -267 1700 50 0 0 | 5 5 5 5 5 5 | 10 10 10 100 100 0.1 | 50 50 50
> 90 | 0.8 | 1.2 | 1024 | 10 |-308 -267 1700 50 0 0 | 5 5 5 5 5 5 | 0.1 0.1 0.1 100 100 0.1 | 50 50 50

> 91 | 0.9 | 1.1 | 1024 | 10 |-308 -267 1700 50 0 0 | 5 5 5 5 5 5 | 10 10 10 10 10 0.1 | 50 50 50
> 92 | 0.9 | 1.1 | 1024 | 10 |-308 -267 1700 50 0 0 | 5 5 5 5 5 5 | 10 10 10 100 100 0.1 | 50 50 50
> 93 | 0.9 | 1.1 | 1024 | 10 |-308 -267 1700 50 0 0 | 5 5 5 5 5 5 | 0.1 0.1 0.1 100 100 0.1 | 50 50 50

> 94 | 0.8 | 1.2 | 128 | 10 |-308 -267 1700 50 0 0 | 5 5 5 5 5 5 | 0.1 0.1 0.1 100 100 0.1 | 50 50 50
> 95 | 0.8 | 1.2 | 256 | 10 |-308 -267 1700 50 0 0 | 5 5 5 5 5 5 | 0.1 0.1 0.1 100 100 0.1 | 50 50 50
> 96 | 0.8 | 1.2 | 4096 | 10 |-308 -267 1700 50 0 0 | 5 5 5 5 5 5 | 0.1 0.1 0.1 100 100 0.1 | 50 50 50

************************************************************************************************************

> 97 | 0.7 | 1.3 | 1024 | 11 |-96 -440 1300 175 2200 375 | 5 5 5 5 5 5 | 10 10 10 10 10 0.1 | 50 50 50
> 98 | 0.7 | 1.3 | 1024 | 11 |-96 -440 1300 175 2200 375 | 5 5 5 5 5 5 | 10 10 10 100 100 0.1 | 50 50 50
> 99 | 0.7 | 1.3 | 1024 | 11 |-96 -440 1300 175 2200 375 | 5 5 5 5 5 5 | 0.1 0.1 0.1 100 100 0.1 | 50 50 50

> 100 | 0.8 | 1.2 | 1024 | 11 |-96 -440 1300 175 2200 375 | 5 5 5 5 5 5 | 10 10 10 10 10 0.1 | 50 50 50
> 101 | 0.8 | 1.2 | 1024 | 11 |-96 -440 1300 175 2200 375 | 5 5 5 5 5 5 | 10 10 10 100 100 0.1 | 50 50 50
> 102 | 0.8 | 1.2 | 1024 | 11 |-96 -440 1300 175 2200 375 | 5 5 5 5 5 5 | 0.1 0.1 0.1 100 100 0.1 | 50 50 50

> 103 | 0.9 | 1.1 | 1024 | 11 |-96 -440 1300 175 2200 375 | 5 5 5 5 5 5 | 10 10 10 10 10 0.1 | 50 50 50
> 104 | 0.9 | 1.1 | 1024 | 11 |-96 -440 1300 175 2200 375 | 5 5 5 5 5 5 | 10 10 10 100 100 0.1 | 50 50 50
> 105 | 0.9 | 1.1 | 1024 | 11 |-96 -440 1300 175 2200 375 | 5 5 5 5 5 5 | 0.1 0.1 0.1 100 100 0.1 | 50 50 50

> 106 | 0.8 | 1.2 | 128 | 11 |-96 -440 1300 175 2200 375 | 5 5 5 5 5 5 | 0.1 0.1 0.1 100 100 0.1 | 50 50 50
> 107 | 0.8 | 1.2 | 256 | 11 |-96 -440 1300 175 2200 375 | 5 5 5 5 5 5 | 0.1 0.1 0.1 100 100 0.1 | 50 50 50
> 108 | 0.8 | 1.2 | 4096 | 11 |-96 -440 1300 175 2200 375 | 5 5 5 5 5 5 | 0.1 0.1 0.1 100 100 0.1 | 50 50 50

************************************************************************************************************

> 109 | 0.7 | 1.3 | 1024 | 13 |-96 -440 1300 175 2200 375 | 5 5 5 5 5 5 | 10 10 10 10 10 0.1 | 50 50 50
> 110 | 0.7 | 1.3 | 1024 | 13 |-96 -440 1300 175 2200 375 | 5 5 5 5 5 5 | 10 10 10 100 100 0.1 | 50 50 50
> 111 | 0.7 | 1.3 | 1024 | 13 |-96 -440 1300 175 2200 375 | 5 5 5 5 5 5 | 0.1 0.1 0.1 100 100 0.1 | 50 50 50

> 112 | 0.8 | 1.2 | 1024 | 13 |-96 -440 1300 175 2200 375 | 5 5 5 5 5 5 | 10 10 10 10 10 0.1 | 50 50 50
> 113 | 0.8 | 1.2 | 1024 | 13 |-96 -440 1300 175 2200 375 | 5 5 5 5 5 5 | 10 10 10 100 100 0.1 | 50 50 50
> 114 | 0.8 | 1.2 | 1024 | 13 |-96 -440 1300 175 2200 375 | 5 5 5 5 5 5 | 0.1 0.1 0.1 100 100 0.1 | 50 50 50

> 115 | 0.9 | 1.1 | 1024 | 13 |-96 -440 1300 175 2200 375 | 5 5 5 5 5 5 | 10 10 10 10 10 0.1 | 50 50 50
> 116 | 0.9 | 1.1 | 1024 | 13 |-96 -440 1300 175 2200 375 | 5 5 5 5 5 5 | 10 10 10 100 100 0.1 | 50 50 50
> 117 | 0.9 | 1.1 | 1024 | 13 |-96 -440 1300 175 2200 375 | 5 5 5 5 5 5 | 0.1 0.1 0.1 100 100 0.1 | 50 50 50

> 118 | 0.8 | 1.2 | 128 | 13 |-96 -440 1300 175 2200 375 | 5 5 5 5 5 5 | 0.1 0.1 0.1 100 100 0.1 | 50 50 50
> 119 | 0.8 | 1.2 | 256 | 13 |-96 -440 1300 175 2200 375 | 5 5 5 5 5 5 | 0.1 0.1 0.1 100 100 0.1 | 50 50 50
> 120 | 0.8 | 1.2 | 4096 | 13 |-96 -440 1300 175 2200 375 | 5 5 5 5 5 5 | 0.1 0.1 0.1 100 100 0.1 | 50 50 50

